3.500000000000000000e+01 3.500000000000000000e+01 3.400000000000000000e+01 0.000000000000000000e+00 1.932336929957809923e+00 1.409193373800000058e-04 -3.071962892904764075e+01 1.289762641499999892e-04 3.445726970641599940e-01 1.204387479043999946e-02 3.801301435593100186e-01 7.413142286220000127e-03 6.503039507839388307e+02 3.169408595237999809e-02 8.589366645663961890e+02 2.901663023177999956e-02
3.700000000000000000e+01 3.700000000000000000e+01 3.600000000000000000e+01 0.000000000000000000e+00 1.909004605019730016e+00 1.192412681600000027e-04 -3.067228340746540027e+01 1.302029001199999909e-04 4.143154228734799993e-01 1.276433686060000038e-02 4.348943209878600169e-01 7.594705264719999599e-03 6.546333728820575288e+02 2.681736699846999986e-02 8.696627418351500864e+02 2.929440436663000025e-02
3.800000000000000000e+01 3.800000000000000000e+01 3.700000000000000000e+01 0.000000000000000000e+00 1.893002737417629922e+00 1.103794507729999926e-03 -3.048557398541760932e+01 1.042653640520000043e-03 5.058450147673999864e-02 1.290722147517999949e-02 5.153079850752000091e-02 7.509415849979999766e-03 6.570224252650604058e+02 2.482558379756500122e-01 9.117157303518717981e+02 2.345851633979000039e-01
3.900000000000000000e+01 3.900000000000000000e+01 3.800000000000000000e+01 0.000000000000000000e+00 1.857842982767059947e+00 1.645653450500000003e-04 -3.092179819873964064e+01 1.715845775199999917e-04 2.662307668146199902e-01 1.226153767899999976e-02 3.130754740315199736e-01 7.873315938029999683e-03 6.654608134326136906e+02 3.701214768564999730e-02 8.136976467769889041e+02 3.860211012502000327e-02
4.000000000000000000e+01 4.000000000000000000e+01 3.900000000000000000e+01 0.000000000000000000e+00 1.818977843521160098e+00 6.643483115500000346e-04 -2.933970337016878105e+01 5.598495384500000406e-04 1.247389312159200014e-01 1.598214185324000128e-02 1.103905489067100038e-01 8.441972012480000384e-03 6.672870010099801448e+02 1.494270993615099963e-01 1.169732059895232169e+03 1.259512603320800117e-01
4.100000000000000000e+01 4.100000000000000000e+01 4.000000000000000000e+01 0.000000000000000000e+00 1.755775462780339913e+00 8.084313675000000211e-04 -2.991025566832520965e+01 1.120984019009999954e-03 4.627308691450000150e-02 1.149038950635999923e-02 5.235133033902000105e-02 7.123331716410000007e-03 6.816217368169334350e+02 1.818133940020900119e-01 1.041569295845592251e+03 2.522351512725100053e-01
4.400000000000000000e+01 4.400000000000000000e+01 4.300000000000000000e+01 0.000000000000000000e+00 1.559583265605900104e+00 2.814281815299999787e-04 -2.977466191647944171e+01 3.441839992699999924e-04 1.925235209175900075e-01 1.430376462124999942e-02 1.916063881381500078e-01 8.217643326969999856e-03 7.194562107090468999e+02 6.330087711890000635e-02 1.072628400069577765e+03 7.744309862376000386e-02
4.500000000000000000e+01 4.500000000000000000e+01 4.400000000000000000e+01 0.000000000000000000e+00 1.538413319822210079e+00 2.342882591599999961e-04 -2.993945595627929990e+01 2.338150104899999922e-04 2.045022029780400041e-01 1.263545719215000002e-02 2.301259787788099975e-01 7.884342676509999842e-03 7.240846952544786745e+02 5.270062466963999770e-02 1.035609076540881915e+03 5.260832210584000246e-02
4.900000000000000000e+01 4.900000000000000000e+01 4.800000000000000000e+01 0.000000000000000000e+00 1.487068892438820011e+00 5.539715176699999645e-04 -3.008986566490852965e+01 5.769351590999999843e-04 8.912516300476999720e-02 1.367965905843000068e-02 1.037511913710399969e-01 8.724383204839999614e-03 7.345313786187927008e+02 1.246112098910699961e-01 1.001901893119349438e+03 1.298111420320799958e-01
5.200000000000000000e+01 5.200000000000000000e+01 5.100000000000000000e+01 0.000000000000000000e+00 1.372794195891070101e+00 1.415908220269999950e-03 -2.972506526037474117e+01 1.215985514990000019e-03 9.455339459021000481e-02 2.127072409015999879e-02 6.512242112329000299e-02 9.453733055319999204e-03 7.557908705602650343e+02 3.185166616467299816e-01 1.084253444313519140e+03 2.735865671942300237e-01
5.300000000000000000e+01 5.300000000000000000e+01 5.200000000000000000e+01 0.000000000000000000e+00 1.347426815706519898e+00 1.896940198399999942e-04 -2.911979339992150173e+01 1.781881364400000000e-04 2.586273697507500136e-01 1.242240065531000082e-02 2.879117334546000273e-01 7.693095839660000004e-03 7.591729355143564817e+02 4.267262744183999978e-02 1.220481636510697626e+03 4.008717821537000070e-02
5.500000000000000000e+01 5.500000000000000000e+01 5.400000000000000000e+01 0.000000000000000000e+00 1.243068934788879920e+00 9.686274161099999802e-04 -3.035795642101508918e+01 9.885972922399999079e-04 1.183765223840400060e-01 2.614153297878999901e-02 1.103820045572300040e-01 1.439886116887000023e-02 7.826782527842414083e+02 2.179021489541299872e-01 9.421513700756951266e+02 2.224307305419299940e-01
5.600000000000000000e+01 5.600000000000000000e+01 5.500000000000000000e+01 0.000000000000000000e+00 1.194629373266000050e+00 1.137435077779999897e-03 -2.999167808286113868e+01 1.142372246089999946e-03 7.407878428422999539e-02 1.918089459194000090e-02 6.955045825979999652e-02 1.061566372715999976e-02 7.912169876584088115e+02 2.558810480061399772e-01 1.024658993372805753e+03 2.570338729196000038e-01
5.700000000000000000e+01 5.700000000000000000e+01 5.600000000000000000e+01 0.000000000000000000e+00 1.111627773677420050e+00 1.071709456179999924e-03 -2.901206124392871999e+01 7.810943228499999617e-04 6.515104516998999895e-02 1.375877708305000072e-02 6.380848651631999824e-02 7.764937845199999800e-03 8.052826525443952050e+02 2.411055760043900043e-01 1.245214307522397121e+03 1.757129898939999990e-01
5.800000000000000000e+01 5.800000000000000000e+01 5.700000000000000000e+01 0.000000000000000000e+00 1.119673597204730031e+00 2.493772058600000072e-04 -3.095627530053798893e+01 2.396539043400000113e-04 4.520949045860699900e-01 2.722184453685999941e-02 4.686036451898000221e-01 1.609004082113999964e-02 8.079715856968716707e+02 5.610204867196000311e-02 8.077926066234698510e+02 5.391446916418000251e-02
5.900000000000000000e+01 5.900000000000000000e+01 5.800000000000000000e+01 0.000000000000000000e+00 1.104180308647300102e+00 4.274685918199999830e-04 -2.935927679114979938e+01 3.766307183099999994e-04 1.423022747799199961e-01 1.480655755431999933e-02 1.589524218135200118e-01 9.162098012899999241e-03 8.074819183061179046e+02 9.616799501999999389e-02 1.167116523562271368e+03 8.473544872895999447e-02
6.200000000000000000e+01 6.200000000000000000e+01 6.100000000000000000e+01 0.000000000000000000e+00 1.076906580656969981e+00 3.415736631999999806e-04 -2.917426803255182932e+01 3.253963204300000110e-04 1.598872401092600037e-01 1.369167617543000023e-02 1.768435181520099930e-01 8.422231054600000377e-03 8.124468945826024537e+02 7.684418718219999944e-02 1.208789167043758198e+03 7.320617714992999625e-02
6.300000000000000000e+01 6.300000000000000000e+01 6.200000000000000000e+01 0.000000000000000000e+00 1.026240388222219968e+00 1.361244368499999944e-04 -2.966654878637936932e+01 1.161735877399999934e-04 6.074373363604800291e-01 1.721067341519999863e-02 5.833965233993599897e-01 9.608603790720000176e-03 8.233734022061979658e+02 3.062464020480000146e-02 1.098127706042667569e+03 2.613822127866000100e-02
6.500000000000000000e+01 6.500000000000000000e+01 6.400000000000000000e+01 0.000000000000000000e+00 9.812631704932599508e-01 2.720329635000000060e-05 -3.099680640072104865e+01 2.616952753999999859e-05 4.050911261872729874e+00 2.756331857861999898e-02 4.371580750327109577e+00 1.673470971682999853e-02 8.347539054890363559e+02 6.120085850069999570e-03 7.989195838434867483e+02 5.887240835630000273e-03
6.600000000000000000e+01 6.600000000000000000e+01 6.500000000000000000e+01 0.000000000000000000e+00 9.324257864919700545e-01 1.225777736580000062e-03 -2.949037180450381967e+01 9.467216049299999499e-04 7.014033663393000329e-02 1.733824760936999998e-02 6.781340899896999563e-02 9.727664420979999574e-03 8.413937315154307726e+02 2.757761663012600062e-01 1.137921886576319366e+03 2.129992055076599944e-01
6.700000000000000000e+01 6.700000000000000000e+01 6.600000000000000000e+01 0.000000000000000000e+00 9.191468195914199724e-01 2.143098274000000063e-04 -2.959867121702280102e+01 2.295373608500000083e-04 2.471742996313600060e-01 1.474327535598000082e-02 2.840952371490300110e-01 9.326186084390000394e-03 8.441868064223565398e+02 4.821483439879999805e-02 1.113577075283380282e+03 5.164482741198000298e-02
7.100000000000000000e+01 7.100000000000000000e+01 7.000000000000000000e+01 0.000000000000000000e+00 8.242693436138800456e-01 6.153981264700000191e-04 -3.042987643023080935e+01 9.243220779800000522e-04 2.235283852353399936e-01 3.599360976424999942e-02 1.956356354558100030e-01 1.884267571730999929e-02 8.640921701093667480e+02 1.384492143276699894e-01 9.267035836501373751e+02 2.079697582486099983e-01
7.200000000000000000e+01 7.200000000000000000e+01 7.100000000000000000e+01 0.000000000000000000e+00 7.761916572957699989e-01 4.257711956600000020e-04 -2.986761592726625025e+01 4.494166187100000166e-04 1.566177811708900081e-01 1.767579995196999834e-02 1.712439267824300004e-01 1.082481231484999987e-02 8.725578954032464480e+02 9.579167698135999942e-02 1.053273481682391321e+03 1.011186959934999990e-01
7.500000000000000000e+01 7.500000000000000000e+01 7.400000000000000000e+01 0.000000000000000000e+00 7.259937809675199860e-01 2.189314187900000014e-04 -2.965876247941913846e+01 2.222403106300000072e-04 2.139172062309299960e-01 1.375840603590000079e-02 2.709921681921800274e-01 9.265304359889999994e-03 8.820558431069916878e+02 4.925657370492000225e-02 1.100328339261324800e+03 5.000320191438999834e-02
7.600000000000000000e+01 7.600000000000000000e+01 7.500000000000000000e+01 0.000000000000000000e+00 6.903965025922399468e-01 3.843420102000000114e-05 -3.047202833112811149e+01 3.542258793999999679e-05 3.725089334964040155e+00 3.228587718721000199e-02 3.723799011044650165e+00 1.855947041938999995e-02 8.901199702349310883e+02 8.647248625739999486e-03 9.173915187345992308e+02 7.969787535210000329e-03
7.800000000000000000e+01 7.800000000000000000e+01 7.700000000000000000e+01 0.000000000000000000e+00 6.421504753325499859e-01 4.099574681000000241e-04 -3.071490730418506843e+01 2.953524824300000017e-04 3.895496006604600159e-01 3.255256956947000235e-02 3.966856841590399863e-01 1.887021134452000065e-02 8.997870244048839368e+02 9.223681108282000274e-02 8.628019931358891199e+02 6.644814951197000608e-02
8.600000000000000000e+01 8.600000000000000000e+01 8.500000000000000000e+01 0.000000000000000000e+00 5.586163535546200265e-01 7.671934117099999664e-04 -2.987578836415028860e+01 1.076028798240000065e-03 9.766739551266000186e-02 2.065096318286999827e-02 9.434151191983999873e-02 1.158672308343999986e-02 9.150161526869787849e+02 1.726103956640900050e-01 1.051681954262978934e+03 2.421073035295799869e-01
8.800000000000000000e+01 8.800000000000000000e+01 8.700000000000000000e+01 0.000000000000000000e+00 5.457573211279800329e-01 7.575141349499999984e-04 -3.089622231455874157e+01 6.187532819999999470e-04 2.284389992124599977e-01 3.399324665773000020e-02 2.138719886308899920e-01 1.858844121132999933e-02 9.186310148723889597e+02 1.704355573311699956e-01 8.221072834807808931e+02 1.392016699794300094e-01
8.900000000000000000e+01 8.900000000000000000e+01 8.800000000000000000e+01 0.000000000000000000e+00 5.268076031722800368e-01 1.245964612200000017e-04 -3.033499443805436968e+01 1.158989014499999941e-04 8.594805785588599534e-01 2.711679404473000057e-02 9.612031613698299726e-01 1.684594053700000024e-02 9.216982343614045021e+02 2.803335569392999965e-02 9.483915251250152778e+02 2.607676615417999985e-02
9.100000000000000000e+01 9.100000000000000000e+01 9.000000000000000000e+01 0.000000000000000000e+00 5.070829665647399453e-01 7.408162383699999978e-04 -2.970694822860188111e+01 6.160320291300000342e-04 9.131217066041000252e-02 1.620879377655000050e-02 1.019696343429399993e-01 1.004833577562999972e-02 9.249027944452965357e+02 1.666792519706900011e-01 1.089717100455582340e+03 1.386047869699099933e-01
9.200000000000000000e+01 9.100000000000000000e+01 9.100000000000000000e+01 0.000000000000000000e+00 5.190074555311100513e-01 7.401699004300000325e-04 -2.972139520404039104e+01 7.741434113399999623e-04 8.052453724135000268e-02 1.600061323551000073e-02 9.116522913926999871e-02 9.997765355440000820e-03 9.225870969107595556e+02 1.665329452090399953e-01 1.086456171109666684e+03 1.741803442076400033e-01
9.300000000000000000e+01 9.200000000000000000e+01 9.200000000000000000e+01 0.000000000000000000e+00 5.162547972346199776e-01 9.128667721200000142e-04 -3.063671599684720093e+01 1.585890822659999973e-03 1.285606367495900071e-01 3.268227637391000334e-02 1.250322693159300058e-01 1.780886891310999934e-02 9.240577684050183507e+02 2.053844000273999937e-01 8.805167192970110364e+02 3.568059882916400083e-01
9.500000000000000000e+01 9.400000000000000000e+01 9.400000000000000000e+01 0.000000000000000000e+00 4.720096832895899763e-01 1.320703278900000103e-04 -3.041884751829680056e+01 1.204139387100000043e-04 7.595974298485299592e-01 2.594909091993000128e-02 8.873558116729800549e-01 1.655978351664999862e-02 9.324178884577637518e+02 2.971511104696000077e-02 9.295715305084269175e+02 2.709236739127000165e-02
9.800000000000000000e+01 9.600000000000000000e+01 9.700000000000000000e+01 0.000000000000000000e+00 4.630800048750199904e-01 6.373271354799999724e-04 -2.991424489356932881e+01 4.862650479800000123e-04 1.624609387734199939e-01 2.106299305746000064e-02 1.588762432064599883e-01 1.191639732685999958e-02 9.336893251880619573e+02 1.433955794305299958e-01 1.043112411917523332e+03 1.094088731144200050e-01
9.900000000000000000e+01 9.700000000000000000e+01 9.800000000000000000e+01 0.000000000000000000e+00 4.316435943792499841e-01 3.466542506999999900e-05 -3.095852032045904068e+01 3.398020425999999676e-05 3.140960250275549814e+00 2.774148453664999903e-02 3.427524839671970192e+00 1.696625517311000156e-02 9.407166727014939624e+02 7.799556853620000230e-03 8.081861309700992706e+02 7.644475363090000308e-03
1.000000000000000000e+02 9.800000000000000000e+01 9.900000000000000000e+01 0.000000000000000000e+00 3.855837128152200255e-01 1.482055476000000076e-04 -2.956551812397919932e+01 1.434489903800000010e-04 4.269643756959899950e-01 1.612215575650999960e-02 4.712102730675600260e-01 9.925886389630000223e-03 9.485405998856040242e+02 3.334569343260000013e-02 1.121630529829692932e+03 3.227508047329000207e-02
1.020000000000000000e+02 1.000000000000000000e+02 1.010000000000000000e+02 0.000000000000000000e+00 3.220353236638699990e-01 1.223635540600000085e-04 -3.029912680704588013e+01 1.214416840200000024e-04 7.110874489601900494e-01 2.322061993238000097e-02 8.148215184640900111e-01 1.465889919478999964e-02 9.614399025063371482e+02 2.753147515058999850e-02 9.566088679659910667e+02 2.732400583784999962e-02
1.030000000000000000e+02 1.010000000000000000e+02 1.020000000000000000e+02 0.000000000000000000e+00 2.937096415211999934e-01 1.201562631099999936e-03 -2.945372879665233157e+01 1.171237776520000096e-03 8.426657783681999747e-02 2.037548083221999914e-02 7.232179122373999514e-02 1.054532119668999922e-02 9.664568222607467760e+02 2.703489702705200171e-01 1.146835414002625384e+03 2.635164641892699944e-01
1.050000000000000000e+02 1.030000000000000000e+02 1.040000000000000000e+02 0.000000000000000000e+00 2.802786877209100247e-01 8.469532467000000621e-05 -2.967495814023885004e+01 8.534965642000000622e-05 6.957943498043800412e-01 1.569227023141000002e-02 7.885751719067499721e-01 9.834422904510000535e-03 9.692083150215811429e+02 1.905627616865999963e-02 1.097067018727965660e+03 1.920336397373000048e-02
1.070000000000000000e+02 1.050000000000000000e+02 1.060000000000000000e+02 0.000000000000000000e+00 2.357652640134300093e-01 1.388679222889999945e-03 -3.049356077480290850e+01 1.343577472219999961e-03 9.084163183919999329e-02 2.790152169636999843e-02 8.500781181331000524e-02 1.538542332647000084e-02 9.782901025093373164e+02 3.124508844691999965e-01 9.129031763451741881e+02 3.022936796275100257e-01
1.100000000000000000e+02 1.080000000000000000e+02 1.090000000000000000e+02 0.000000000000000000e+00 1.003912026617699987e-01 3.651520926399999902e-04 -3.040934749236576096e+01 3.823830123799999941e-04 1.976978509459700051e-01 1.947324848471999881e-02 2.266414914376500001e-01 1.224843045625999965e-02 1.004519398491103971e+03 8.215912312803000384e-02 9.318890644875419866e+02 8.603398540355000623e-02
1.110000000000000000e+02 1.080000000000000000e+02 1.100000000000000000e+02 0.000000000000000000e+00 8.471403092887999642e-02 4.068067591800000144e-04 -3.042205343977111909e+01 4.981044844199999629e-04 1.924894163681200032e-01 2.133693325887000072e-02 2.001238210829099917e-01 1.260328930589999993e-02 1.007563642574395431e+03 9.153143296870000500e-02 9.290327593928479928e+02 1.120704792304299952e-01
1.130000000000000000e+02 1.100000000000000000e+02 1.120000000000000000e+02 0.000000000000000000e+00 9.008480818446000515e-02 9.503443575900000304e-04 -2.977866889862605149e+01 3.735699336500000051e-04 2.224020118008500080e-01 2.313455344714000078e-02 1.511815018540600131e-01 9.937278829199999372e-03 1.006407449239844141e+03 2.138273373391000043e-01 1.073792458864287710e+03 8.405246755919999757e-02
1.180000000000000000e+02 1.150000000000000000e+02 1.170000000000000000e+02 0.000000000000000000e+00 4.002287464159999704e-03 3.958547590400000242e-04 -2.980724775890491074e+01 3.768248107900000216e-04 1.313232413715000046e-01 1.404453092598999947e-02 1.566702611137099910e-01 9.097492894199999194e-03 1.023218621089435601e+03 8.906732062507999315e-02 1.067369158795165959e+03 8.478510263708000094e-02
1.190000000000000000e+02 1.160000000000000000e+02 1.180000000000000000e+02 0.000000000000000000e+00 3.599607353440696329e+02 2.027979138699999957e-04 -2.931662009788571055e+01 2.055132327300000078e-04 2.921329555578600079e-01 1.580865426562000006e-02 3.300690468798900268e-01 9.891667205149999240e-03 1.031703082423915021e+03 4.562952251991000269e-02 1.177755512645589761e+03 4.623718835969999746e-02
1.200000000000000000e+02 1.170000000000000000e+02 1.190000000000000000e+02 0.000000000000000000e+00 3.599522397436081178e+02 7.457900294599999506e-04 -3.082646168602580872e+01 9.280670004999999742e-04 7.925694408507000244e-02 1.776364520994000093e-02 9.462596050077000387e-02 1.140123276374000079e-02 1.033227889283850345e+03 1.678027044851000127e-01 8.380506459782717457e+02 2.087933590930199923e-01
1.210000000000000000e+02 1.180000000000000000e+02 1.200000000000000000e+02 0.000000000000000000e+00 3.599504066282266876e+02 6.651476328600000208e-04 -2.941997773899429092e+01 9.451009824600000060e-04 8.369282404496000694e-02 1.669144345242999997e-02 8.955833952262000353e-02 9.996728182249999678e-03 1.033719535073417319e+03 1.496581615649099917e-01 1.154500676457936152e+03 2.126368343012199902e-01
1.250000000000000000e+02 1.220000000000000000e+02 1.240000000000000000e+02 0.000000000000000000e+00 3.599170091726862779e+02 7.243923037600000355e-04 -2.995664248216275993e+01 9.304806752999999694e-04 1.120183408205400050e-01 1.885125383727000170e-02 9.570844452818000336e-02 9.716140902219999945e-03 1.040178291976294076e+03 1.629881123999100123e-01 1.033749582166206210e+03 2.093581134912400055e-01
1.280000000000000000e+02 1.250000000000000000e+02 1.270000000000000000e+02 0.000000000000000000e+00 3.598091845469174359e+02 3.288805968700000211e-04 -3.011094700523128864e+01 3.139082507699999841e-04 1.595933563930500010e-01 1.398926761141999937e-02 1.880652067403399963e-01 8.980479111180000515e-03 1.061139775379990169e+03 7.399783569675000283e-02 9.990060172083930183e+02 7.062921471170000021e-02
1.290000000000000000e+02 1.260000000000000000e+02 1.280000000000000000e+02 0.000000000000000000e+00 3.598123286997923742e+02 1.722011726999999985e-03 -2.972824756426366122e+01 1.043457824329999898e-03 7.214834865326999469e-02 1.882920987031000068e-02 6.100565000144000244e-02 9.474908288409999643e-03 1.060668486808151556e+03 3.874514030549600085e-01 1.085114042022625881e+03 2.347748334436400020e-01
1.310000000000000000e+02 1.280000000000000000e+02 1.300000000000000000e+02 0.000000000000000000e+00 3.597795951789946685e+02 4.712346900999999939e-04 -3.063017482381874146e+01 4.130137008799999771e-04 1.446405375367499913e-01 1.611517886921999890e-02 1.547202034478100119e-01 9.714145160360000003e-03 1.066671724919159260e+03 1.060272639903900027e-01 8.821724859874258300e+02 9.292241145622999465e-02
1.320000000000000000e+02 1.290000000000000000e+02 1.310000000000000000e+02 0.000000000000000000e+00 3.596891693606361287e+02 8.094354787399999588e-04 -2.944897284112506952e+01 8.753389545199999604e-04 6.580905118867999559e-02 1.502758146671999938e-02 7.788477344258000479e-02 9.650219474660000352e-03 1.084900321771877088e+03 1.821208626255700069e-01 1.147896603021478995e+03 1.969422463003699941e-01
1.340000000000000000e+02 1.310000000000000000e+02 1.330000000000000000e+02 0.000000000000000000e+00 3.596307696446119735e+02 1.048151792720000090e-03 -2.955386364154204060e+01 8.314144313999999704e-04 9.738788682108999450e-02 1.954177526544999960e-02 8.567485243759000169e-02 1.032147174236999927e-02 1.096267401559634436e+03 2.358309219617300001e-01 1.124263237960609331e+03 1.870620062471300138e-01
1.360000000000000000e+02 1.330000000000000000e+02 1.350000000000000000e+02 0.000000000000000000e+00 3.596196958538976105e+02 1.032839114080000027e-03 -3.040323827577316962e+01 8.300989590599999616e-04 7.367679450554999454e-02 1.574190584955000027e-02 7.171672222757000115e-02 8.880100613609999763e-03 1.097800953691021050e+03 2.323854250908899965e-01 9.331496719258509529e+02 1.867670754044999937e-01
1.370000000000000000e+02 1.340000000000000000e+02 1.360000000000000000e+02 0.000000000000000000e+00 3.596073226171613442e+02 1.073375755200000031e-04 -2.932465453494002006e+01 1.029579278000000058e-04 5.757903710685400300e-01 1.577050627670999877e-02 6.384583687652699568e-01 9.743528898579999903e-03 1.101030207252592390e+03 2.415053986856999929e-02 1.175817228708282300e+03 2.316391046862999875e-02
1.400000000000000000e+02 1.370000000000000000e+02 1.390000000000000000e+02 0.000000000000000000e+00 3.595592966018887182e+02 2.944980597799999860e-04 -2.915150593988013128e+01 2.805102403699999826e-04 1.994376483114100040e-01 1.469064018400000060e-02 2.186805846866599901e-01 8.995697187730000363e-03 1.110597497338073026e+03 6.626063594316000671e-02 1.214737663718312206e+03 6.310782641697999795e-02
1.420000000000000000e+02 1.390000000000000000e+02 1.410000000000000000e+02 0.000000000000000000e+00 3.595106351177979036e+02 5.597604614200000486e-04 -3.076754481358526050e+01 6.904587579600000163e-04 8.183937208168999555e-02 1.318959831541000050e-02 9.182036276187000023e-02 8.164161950089999370e-03 1.118608352714107241e+03 1.259420305361000081e-01 8.511055678310904113e+02 1.553398227981100110e-01
1.450000000000000000e+02 1.420000000000000000e+02 1.440000000000000000e+02 0.000000000000000000e+00 3.594374641848441456e+02 9.280456825799999641e-04 -3.058153890026526156e+01 9.397099899599999865e-04 5.768393522659000239e-02 1.381011746140000003e-02 6.339465034100000285e-02 8.467180002760000060e-03 1.132963602420826874e+03 2.088026632200299937e-01 8.928885379181039070e+02 2.114239675766599880e-01
1.460000000000000000e+02 1.430000000000000000e+02 1.450000000000000000e+02 0.000000000000000000e+00 3.593713929727026084e+02 7.274197313599999959e-04 -3.062471611796459925e+01 7.309770102200000355e-04 6.581037122541999462e-02 1.300130166986000063e-02 7.646008832065000205e-02 8.280966518079999755e-03 1.145706898640221198e+03 1.636620252062400138e-01 8.831078355722139577e+02 1.644601234714100080e-01
1.480000000000000000e+02 1.450000000000000000e+02 1.470000000000000000e+02 0.000000000000000000e+00 3.593443475442629733e+02 1.497488909600000083e-04 -3.098729696341590056e+01 1.186538431599999937e-04 4.640881714415799886e-01 1.374594513713999974e-02 4.317361100080500114e-01 7.520817528010000259e-03 1.150464947418933207e+03 3.369206269690999678e-02 8.015073785569926486e+02 2.669288985350000074e-02
1.500000000000000000e+02 1.470000000000000000e+02 1.490000000000000000e+02 0.000000000000000000e+00 3.592922867627004280e+02 3.871524443199999914e-04 -2.966554337477771952e+01 3.466167134199999995e-04 1.669470015074500102e-01 1.642915562490000064e-02 1.913764967975400133e-01 1.037296682346000067e-02 1.162360857139551172e+03 8.710463877040999781e-02 1.098825052099706909e+03 7.798705624617000010e-02
1.510000000000000000e+02 1.480000000000000000e+02 1.500000000000000000e+02 0.000000000000000000e+00 3.592779001265046759e+02 4.409364333400000134e-04 -3.069692973109599876e+01 3.902091851800000002e-04 1.393343980049799868e-01 1.408495408556000028e-02 1.441845645331099879e-01 8.294121826840000766e-03 1.163703070077032862e+03 9.920523188127000624e-02 8.667545013019922635e+02 8.779010591439999345e-02
1.530000000000000000e+02 1.500000000000000000e+02 1.520000000000000000e+02 0.000000000000000000e+00 3.591976465983662479e+02 6.838217224999999972e-05 -2.913668609073609161e+01 6.520920080999999496e-05 7.679017755294299530e-01 1.335691608801000026e-02 8.521190382096299754e-01 8.254659245949999211e-03 1.181680273517707747e+03 1.538488924649000084e-02 1.217686243412372505e+03 1.467036149553000053e-02
1.590000000000000000e+02 1.560000000000000000e+02 1.580000000000000000e+02 0.000000000000000000e+00 3.590902962440687816e+02 1.310273420199999995e-04 -3.088246353700699132e+01 1.212659073399999937e-04 3.615388645836000170e-01 1.179185673476999992e-02 3.982646390276999848e-01 7.250328168779999853e-03 1.199656378509033175e+03 2.947850427480000132e-02 8.247563011672348239e+02 2.728146468610000153e-02
1.600000000000000000e+02 1.570000000000000000e+02 1.590000000000000000e+02 0.000000000000000000e+00 3.590511914592169660e+02 8.836724856700000448e-04 -2.950385297762147019e+01 8.851794477399999592e-04 7.406211732966999639e-02 1.638485276152000167e-02 7.908903029175000376e-02 9.857621150699999793e-03 1.209789645106138778e+03 1.988058371333900065e-01 1.134862505950386094e+03 1.991578307646900137e-01
1.620000000000000000e+02 1.590000000000000000e+02 1.610000000000000000e+02 0.000000000000000000e+00 3.589966651549871131e+02 6.121325127700000040e-04 -3.094522740004180861e+01 5.052671811499999475e-04 1.150684484670100038e-01 1.342589546062999961e-02 1.058212421609100035e-01 7.226132372880000009e-03 1.217606975624961706e+03 1.377157491328599992e-01 8.104858732863380055e+02 1.136676172332300033e-01
1.630000000000000000e+02 1.600000000000000000e+02 1.620000000000000000e+02 0.000000000000000000e+00 3.589687524185817438e+02 2.378921084999999851e-05 -3.001469904230159003e+01 2.206178004000000070e-05 3.442687956337219912e+00 2.034598330185000137e-02 3.769888157963039887e+00 1.246680901169000023e-02 1.224903868120291463e+03 5.351952531479999865e-03 1.019788690723254376e+03 4.963867742770000299e-03
1.660000000000000000e+02 1.630000000000000000e+02 1.650000000000000000e+02 0.000000000000000000e+00 3.588190968090329420e+02 7.147826360499999563e-04 -3.017460827112682864e+01 6.136810269900000057e-04 1.953792783219500118e-01 2.572464022821999846e-02 1.590194664226199928e-01 1.286888359475000035e-02 1.253683542532338834e+03 1.608027409583800138e-01 9.835296762010032126e+02 1.380749889726100021e-01
1.690000000000000000e+02 1.660000000000000000e+02 1.680000000000000000e+02 0.000000000000000000e+00 3.587576397175273542e+02 5.247573874899999838e-04 -2.972857300306574047e+01 3.899508591100000099e-04 1.502150444559400000e-01 1.803933854347000015e-02 1.693574432903899862e-01 1.122469715517999955e-02 1.266721372979441412e+03 1.180526499139600005e-01 1.083755045613890161e+03 8.773380650018999805e-02
1.700000000000000000e+02 1.670000000000000000e+02 1.690000000000000000e+02 0.000000000000000000e+00 3.587554169332262859e+02 3.876586592500000025e-04 -2.968890670502968021e+01 3.805093179400000233e-04 1.686030126963700138e-01 1.733324478019000053e-02 1.929188467114200112e-01 1.093311523867000062e-02 1.267251644247270633e+03 8.720794774618000067e-02 1.092674613051334291e+03 8.561310080893999586e-02
1.710000000000000000e+02 1.680000000000000000e+02 1.700000000000000000e+02 0.000000000000000000e+00 3.586771071301560028e+02 3.706076500599999810e-04 -2.965109852654338951e+01 3.184116650400000098e-04 1.677539987394000010e-01 1.597048510444000133e-02 2.010626962023799869e-01 1.035583734079000007e-02 1.282651739336529090e+03 8.337147401864999918e-02 1.101009288116569223e+03 7.163959049887000385e-02
1.730000000000000000e+02 1.700000000000000000e+02 1.720000000000000000e+02 0.000000000000000000e+00 3.585885882330546224e+02 4.548920054600000002e-04 -3.098347139772567971e+01 4.527893542999999739e-04 1.014070762395700015e-01 1.158998412588000022e-02 1.108455775609699934e-01 7.060081872619999865e-03 1.296228240955330875e+03 1.023274735833600013e-01 8.010532137906601520e+02 1.018627576350400049e-01
1.750000000000000000e+02 1.720000000000000000e+02 1.740000000000000000e+02 0.000000000000000000e+00 3.585630515990533240e+02 1.405863272629999990e-03 -2.942277665670874143e+01 1.433905431509999899e-03 7.017068290194999891e-02 1.906254177349999898e-02 5.494308932839000320e-02 9.283406709269999627e-03 1.305582454245217832e+03 3.162436418178600217e-01 1.152107477333443512e+03 3.226128690137600175e-01
1.760000000000000000e+02 1.730000000000000000e+02 1.750000000000000000e+02 0.000000000000000000e+00 3.584779224395354618e+02 1.012535296599999967e-04 -3.094592660466254941e+01 1.043051809100000051e-04 4.304800285746699928e-01 1.153245549211000080e-02 4.778896659310700179e-01 7.130448063719999931e-03 1.317683688033831913e+03 2.277588182427000077e-02 8.092256213466824875e+02 2.346565481622999924e-02
1.800000000000000000e+02 1.770000000000000000e+02 1.790000000000000000e+02 0.000000000000000000e+00 3.584427093825534030e+02 1.506709208999999934e-04 -3.063464484504991958e+01 1.400880559100000093e-04 4.481094894771199821e-01 1.447427617635000004e-02 4.153180129883500271e-01 7.923506081289999337e-03 1.325450709168731692e+03 3.389200383920999704e-02 8.791593575401519729e+02 3.151746295875999804e-02
1.860000000000000000e+02 1.830000000000000000e+02 1.850000000000000000e+02 0.000000000000000000e+00 3.582402852763361238e+02 5.385066414999999817e-05 -2.992648946897508111e+01 5.303597428000000251e-05 1.165943143762889989e+00 1.622972298075999950e-02 1.297137905617590015e+00 1.004328327383000041e-02 1.367090238744231328e+03 1.211215580320999970e-02 1.037905341020792093e+03 1.193303867906999986e-02
1.890000000000000000e+02 1.860000000000000000e+02 1.880000000000000000e+02 0.000000000000000000e+00 3.582088573144425823e+02 3.199969709799999800e-04 -3.096043481240532103e+01 3.183788200800000221e-04 1.553885873398699879e-01 1.240340633689999972e-02 1.642736206188500081e-01 7.426310775849999900e-03 1.369531475089016567e+03 7.197301142919000638e-02 8.052116233445342459e+02 7.162533992825000084e-02
1.940000000000000000e+02 1.910000000000000000e+02 1.930000000000000000e+02 0.000000000000000000e+00 3.581008756323431044e+02 5.135252066499999823e-04 -2.912426223086299970e+01 4.479699455000000097e-04 7.177816788127000525e-02 9.641101428990000652e-03 8.746070173561000527e-02 6.314648743590000300e-03 1.397209097414784765e+03 1.154991392247800008e-01 1.217940448301340666e+03 1.007769949874299936e-01
